 -9.000000000000e+001
 -8.743680027996e+001
 -8.637478578672e+001
 -8.555966694731e+001
 -8.487231698093e+001
 -8.426659730796e+001
 -8.371884730025e+001
 -8.321501265030e+001
 -8.274593696669e+001
 -8.230526072729e+001
 -8.188835398580e+001
 -8.149172179461e+001
 -8.111264914981e+001
 -8.074897712784e+001
 -8.039895542437e+001
 -8.006114165487e+001
 -7.973433047719e+001
 -7.941750240381e+001
 -7.910978600480e+001
 -7.881042945379e+001
 -7.851877874042e+001
 -7.823426073432e+001
 -7.795636984217e+001
 -7.768465736788e+001
 -7.741872293539e+001
 -7.715820750532e+001
 -7.690278763796e+001
 -7.665217074096e+001
 -7.640609110272e+001
 -7.616430655838e+001
 -7.592659566926e+001
 -7.569275532229e+001
 -7.546259867554e+001
 -7.523595339060e+001
 -7.501266010442e+001
 -7.479257110216e+001
 -7.457554915954e+001
 -7.436146652903e+001
 -7.415020404864e+001
 -7.394165035558e+001
 -7.373570119021e+001
 -7.353225877784e+001
 -7.333123127796e+001
 -7.313253229227e+001
 -7.293608042389e+001
 -7.274179888139e+001
 -7.254961512227e+001
 -7.235946053116e+001
 -7.217127012865e+001
 -7.198498230731e+001
 -7.180053859185e+001
 -7.161788342079e+001
 -7.143696394725e+001
 -7.125772985698e+001
 -7.108013320174e+001
 -7.090412824650e+001
 -7.072967132915e+001
 -7.055672073134e+001
 -7.038523655960e+001
 -7.021518063556e+001
 -7.004651639451e+001
 -6.987920879164e+001
 -6.971322421504e+001
 -6.954853040511e+001
 -6.938509637962e+001
 -6.922289236407e+001
 -6.906188972684e+001
 -6.890206091876e+001
 -6.874337941672e+001
 -6.858581967097e+001
 -6.842935705591e+001
 -6.827396782397e+001
 -6.811962906246e+001
 -6.796631865306e+001
 -6.781401523383e+001
 -6.766269816354e+001
 -6.751234748807e+001
 -6.736294390886e+001
 -6.721446875318e+001
 -6.706690394611e+001
 -6.692023198407e+001
 -6.677443590991e+001
 -6.662949928935e+001
 -6.648540618868e+001
 -6.634214115369e+001
 -6.619968918974e+001
 -6.605803574287e+001
 -6.591716668189e+001
 -6.577706828138e+001
 -6.563772720564e+001
 -6.549913049329e+001
 -6.536126554284e+001
 -6.522412009878e+001
 -6.508768223850e+001
 -6.495194035975e+001
 -6.481688316871e+001
 -6.468249966869e+001
 -6.454877914926e+001
 -6.441571117598e+001
 -6.428328558052e+001
 -6.415149245127e+001
 -6.402032212438e+001
 -6.388976517517e+001
 -6.375981240993e+001
 -6.363045485809e+001
 -6.350168376470e+001
 -6.337349058328e+001
 -6.324586696892e+001
 -6.311880477167e+001
 -6.299229603029e+001
 -6.286633296613e+001
 -6.274090797738e+001
 -6.261601363343e+001
 -6.249164266961e+001
 -6.236778798198e+001
 -6.224444262243e+001
 -6.212159979394e+001
 -6.199925284603e+001
 -6.187739527036e+001
 -6.175602069651e+001
 -6.163512288796e+001
 -6.151469573817e+001
 -6.139473326681e+001
 -6.127522961614e+001
 -6.115617904754e+001
 -6.103757593814e+001
 -6.091941477759e+001
 -6.080169016491e+001
 -6.068439680551e+001
 -6.056752950823e+001
 -6.045108318261e+001
 -6.033505283611e+001
 -6.021943357152e+001
 -6.010422058446e+001
 -5.998940916087e+001
 -5.987499467473e+001
 -5.976097258571e+001
 -5.964733843701e+001
 -5.953408785321e+001
 -5.942121653819e+001
 -5.930872027317e+001
 -5.919659491474e+001
 -5.908483639300e+001
 -5.897344070976e+001
 -5.886240393678e+001
 -5.875172221405e+001
 -5.864139174817e+001
 -5.853140881072e+001
 -5.842176973677e+001
 -5.831247092330e+001
 -5.820350882781e+001
 -5.809487996687e+001
 -5.798658091478e+001
 -5.787860830219e+001
 -5.777095881489e+001
 -5.766362919247e+001
 -5.755661622715e+001
 -5.744991676262e+001
 -5.734352769283e+001
 -5.723744596092e+001
 -5.713166855815e+001
 -5.702619252279e+001
 -5.692101493915e+001
 -5.681613293656e+001
 -5.671154368840e+001
 -5.660724441119e+001
 -5.650323236362e+001
 -5.639950484572e+001
 -5.629605919794e+001
 -5.619289280035e+001
 -5.609000307179e+001
 -5.598738746908e+001
 -5.588504348625e+001
 -5.578296865376e+001
 -5.568116053780e+001
 -5.557961673953e+001
 -5.547833489440e+001
 -5.537731267146e+001
 -5.527654777272e+001
 -5.517603793247e+001
 -5.507578091664e+001
 -5.497577452222e+001
 -5.487601657666e+001
 -5.477650493722e+001
 -5.467723749049e+001
 -5.457821215175e+001
 -5.447942686448e+001
 -5.438087959981e+001
 -5.428256835600e+001
 -5.418449115793e+001
 -5.408664605663e+001
 -5.398903112875e+001
 -5.389164447616e+001
 -5.379448422542e+001
 -5.369754852737e+001
 -5.360083555668e+001
 -5.350434351143e+001
 -5.340807061268e+001
 -5.331201510408e+001
 -5.321617525143e+001
 -5.312054934235e+001
 -5.302513568583e+001
 -5.292993261191e+001
 -5.283493847129e+001
 -5.274015163499e+001
 -5.264557049397e+001
 -5.255119345883e+001
 -5.245701895944e+001
 -5.236304544462e+001
 -5.226927138185e+001
 -5.217569525692e+001
 -5.208231557364e+001
 -5.198913085354e+001
 -5.189613963559e+001
 -5.180334047588e+001
 -5.171073194737e+001
 -5.161831263960e+001
 -5.152608115842e+001
 -5.143403612575e+001
 -5.134217617927e+001
 -5.125049997222e+001
 -5.115900617314e+001
 -5.106769346560e+001
 -5.097656054799e+001
 -5.088560613328e+001
 -5.079482894877e+001
 -5.070422773592e+001
 -5.061380125007e+001
 -5.052354826026e+001
 -5.043346754902e+001
 -5.034355791213e+001
 -5.025381815847e+001
 -5.016424710977e+001
 -5.007484360045e+001
 -4.998560647742e+001
 -4.989653459989e+001
 -4.980762683918e+001
 -4.971888207855e+001
 -4.963029921301e+001
 -4.954187714917e+001
 -4.945361480506e+001
 -4.936551110994e+001
 -4.927756500416e+001
 -4.918977543902e+001
 -4.910214137654e+001
 -4.901466178939e+001
 -4.892733566069e+001
 -4.884016198387e+001
 -4.875313976251e+001
 -4.866626801022e+001
 -4.857954575050e+001
 -4.849297201658e+001
 -4.840654585128e+001
 -4.832026630690e+001
 -4.823413244510e+001
 -4.814814333672e+001
 -4.806229806168e+001
 -4.797659570889e+001
 -4.789103537606e+001
 -4.780561616964e+001
 -4.772033720465e+001
 -4.763519760463e+001
 -4.755019650144e+001
 -4.746533303524e+001
 -4.738060635430e+001
 -4.729601561493e+001
 -4.721155998140e+001
 -4.712723862576e+001
 -4.704305072781e+001
 -4.695899547496e+001
 -4.687507206215e+001
 -4.679127969174e+001
 -4.670761757340e+001
 -4.662408492405e+001
 -4.654068096774e+001
 -4.645740493559e+001
 -4.637425606563e+001
 -4.629123360280e+001
 -4.620833679882e+001
 -4.612556491207e+001
 -4.604291720758e+001
 -4.596039295688e+001
 -4.587799143798e+001
 -4.579571193522e+001
 -4.571355373925e+001
 -4.563151614691e+001
 -4.554959846121e+001
 -4.546779999116e+001
 -4.538612005181e+001
 -4.530455796409e+001
 -4.522311305477e+001
 -4.514178465639e+001
 -4.506057210719e+001
 -4.497947475103e+001
 -4.489849193736e+001
 -4.481762302108e+001
 -4.473686736255e+001
 -4.465622432749e+001
 -4.457569328691e+001
 -4.449527361709e+001
 -4.441496469944e+001
 -4.433476592052e+001
 -4.425467667193e+001
 -4.417469635029e+001
 -4.409482435713e+001
 -4.401506009889e+001
 -4.393540298681e+001
 -4.385585243691e+001
 -4.377640786994e+001
 -4.369706871129e+001
 -4.361783439098e+001
 -4.353870434357e+001
 -4.345967800813e+001
 -4.338075482818e+001
 -4.330193425166e+001
 -4.322321573084e+001
 -4.314459872231e+001
 -4.306608268693e+001
 -4.298766708974e+001
 -4.290935139997e+001
 -4.283113509095e+001
 -4.275301764011e+001
 -4.267499852887e+001
 -4.259707724266e+001
 -4.251925327084e+001
 -4.244152610668e+001
 -4.236389524728e+001
 -4.228636019359e+001
 -4.220892045030e+001
 -4.213157552584e+001
 -4.205432493234e+001
 -4.197716818559e+001
 -4.190010480497e+001
 -4.182313431345e+001
 -4.174625623753e+001
 -4.166947010722e+001
 -4.159277545599e+001
 -4.151617182074e+001
 -4.143965874174e+001
 -4.136323576265e+001
 -4.128690243042e+001
 -4.121065829530e+001
 -4.113450291080e+001
 -4.105843583363e+001
 -4.098245662370e+001
 -4.090656484406e+001
 -4.083076006091e+001
 -4.075504184350e+001
 -4.067940976416e+001
 -4.060386339825e+001
 -4.052840232411e+001
 -4.045302612305e+001
 -4.037773437932e+001
 -4.030252668009e+001
 -4.022740261539e+001
 -4.015236177808e+001
 -4.007740376389e+001
 -4.000252817130e+001
 -3.992773460157e+001
 -3.985302265870e+001
 -3.977839194940e+001
 -3.970384208305e+001
 -3.962937267171e+001
 -3.955498333005e+001
 -3.948067367537e+001
 -3.940644332752e+001
 -3.933229190894e+001
 -3.925821904457e+001
 -3.918422436189e+001
 -3.911030749082e+001
 -3.903646806377e+001
 -3.896270571559e+001
 -3.888902008352e+001
 -3.881541080719e+001
 -3.874187752863e+001
 -3.866841989216e+001
 -3.859503754448e+001
 -3.852173013454e+001
 -3.844849731360e+001
 -3.837533873517e+001
 -3.830225405499e+001
 -3.822924293103e+001
 -3.815630502343e+001
 -3.808343999452e+001
 -3.801064750880e+001
 -3.793792723287e+001
 -3.786527883547e+001
 -3.779270198743e+001
 -3.772019636165e+001
 -3.764776163310e+001
 -3.757539747877e+001
 -3.750310357769e+001
 -3.743087961088e+001
 -3.735872526134e+001
 -3.728664021405e+001
 -3.721462415593e+001
 -3.714267677582e+001
 -3.707079776450e+001
 -3.699898681463e+001
 -3.692724362073e+001
 -3.685556787922e+001
 -3.678395928835e+001
 -3.671241754819e+001
 -3.664094236064e+001
 -3.656953342938e+001
 -3.649819045989e+001
 -3.642691315941e+001
 -3.635570123692e+001
 -3.628455440315e+001
 -3.621347237055e+001
 -3.614245485327e+001
 -3.607150156714e+001
 -3.600061222969e+001
 -3.592978656010e+001
 -3.585902427919e+001
 -3.578832510942e+001
 -3.571768877488e+001
 -3.564711500125e+001
 -3.557660351580e+001
 -3.550615404739e+001
 -3.543576632644e+001
 -3.536544008492e+001
 -3.529517505635e+001
 -3.522497097575e+001
 -3.515482757968e+001
 -3.508474460619e+001
 -3.501472179480e+001
 -3.494475888654e+001
 -3.487485562388e+001
 -3.480501175073e+001
 -3.473522701246e+001
 -3.466550115587e+001
 -3.459583392916e+001
 -3.452622508192e+001
 -3.445667436517e+001
 -3.438718153128e+001
 -3.431774633400e+001
 -3.424836852843e+001
 -3.417904787103e+001
 -3.410978411959e+001
 -3.404057703321e+001
 -3.397142637233e+001
 -3.390233189867e+001
 -3.383329337526e+001
 -3.376431056640e+001
 -3.369538323767e+001
 -3.362651115592e+001
 -3.355769408922e+001
 -3.348893180692e+001
 -3.342022407958e+001
 -3.335157067898e+001
 -3.328297137814e+001
 -3.321442595124e+001
 -3.314593417369e+001
 -3.307749582206e+001
 -3.300911067412e+001
 -3.294077850877e+001
 -3.287249910611e+001
 -3.280427224734e+001
 -3.273609771483e+001
 -3.266797529207e+001
 -3.259990476368e+001
 -3.253188591537e+001
 -3.246391853397e+001
 -3.239600240740e+001
 -3.232813732467e+001
 -3.226032307587e+001
 -3.219255945215e+001
 -3.212484624572e+001
 -3.205718324985e+001
 -3.198957025886e+001
 -3.192200706809e+001
 -3.185449347394e+001
 -3.178702927379e+001
 -3.171961426607e+001
 -3.165224825020e+001
 -3.158493102659e+001
 -3.151766239666e+001
 -3.145044216280e+001
 -3.138327012839e+001
 -3.131614609775e+001
 -3.124906987620e+001
 -3.118204126998e+001
 -3.111506008629e+001
 -3.104812613329e+001
 -3.098123922003e+001
 -3.091439915653e+001
 -3.084760575370e+001
 -3.078085882337e+001
 -3.071415817829e+001
 -3.064750363209e+001
 -3.058089499929e+001
 -3.051433209532e+001
 -3.044781473647e+001
 -3.038134273991e+001
 -3.031491592366e+001
 -3.024853410663e+001
 -3.018219710856e+001
 -3.011590475006e+001
 -3.004965685255e+001
 -2.998345323831e+001
 -2.991729373044e+001
 -2.985117815287e+001
 -2.978510633035e+001
 -2.971907808842e+001
 -2.965309325345e+001
 -2.958715165261e+001
 -2.952125311384e+001
 -2.945539746589e+001
 -2.938958453828e+001
 -2.932381416134e+001
 -2.925808616611e+001
 -2.919240038447e+001
 -2.912675664899e+001
 -2.906115479306e+001
 -2.899559465077e+001
 -2.893007605698e+001
 -2.886459884729e+001
 -2.879916285802e+001
 -2.873376792624e+001
 -2.866841388973e+001
 -2.860310058698e+001
 -2.853782785722e+001
 -2.847259554037e+001
 -2.840740347707e+001
 -2.834225150863e+001
 -2.827713947709e+001
 -2.821206722516e+001
 -2.814703459624e+001
 -2.808204143440e+001
 -2.801708758440e+001
 -2.795217289166e+001
 -2.788729720228e+001
 -2.782246036301e+001
 -2.775766222126e+001
 -2.769290262509e+001
 -2.762818142321e+001
 -2.756349846498e+001
 -2.749885360039e+001
 -2.743424668007e+001
 -2.736967755528e+001
 -2.730514607791e+001
 -2.724065210046e+001
 -2.717619547606e+001
 -2.711177605845e+001
 -2.704739370197e+001
 -2.698304826160e+001
 -2.691873959287e+001
 -2.685446755195e+001
 -2.679023199558e+001
 -2.672603278110e+001
 -2.666186976643e+001
 -2.659774281007e+001
 -2.653365177111e+001
 -2.646959650920e+001
 -2.640557688456e+001
 -2.634159275800e+001
 -2.627764399085e+001
 -2.621373044504e+001
 -2.614985198302e+001
 -2.608600846783e+001
 -2.602219976302e+001
 -2.595842573272e+001
 -2.589468624156e+001
 -2.583098115473e+001
 -2.576731033797e+001
 -2.570367365751e+001
 -2.564007098015e+001
 -2.557650217317e+001
 -2.551296710440e+001
 -2.544946564218e+001
 -2.538599765535e+001
 -2.532256301328e+001
 -2.525916158583e+001
 -2.519579324337e+001
 -2.513245785677e+001
 -2.506915529738e+001
 -2.500588543708e+001
 -2.494264814820e+001
 -2.487944330358e+001
 -2.481627077654e+001
 -2.475313044088e+001
 -2.469002217087e+001
 -2.462694584126e+001
 -2.456390132728e+001
 -2.450088850461e+001
 -2.443790724941e+001
 -2.437495743830e+001
 -2.431203894836e+001
 -2.424915165712e+001
 -2.418629544256e+001
 -2.412347018313e+001
 -2.406067575770e+001
 -2.399791204562e+001
 -2.393517892665e+001
 -2.387247628101e+001
 -2.380980398934e+001
 -2.374716193273e+001
 -2.368454999269e+001
 -2.362196805117e+001
 -2.355941599052e+001
 -2.349689369354e+001
 -2.343440104344e+001
 -2.337193792385e+001
 -2.330950421882e+001
 -2.324709981279e+001
 -2.318472459063e+001
 -2.312237843762e+001
 -2.306006123943e+001
 -2.299777288214e+001
 -2.293551325223e+001
 -2.287328223658e+001
 -2.281107972246e+001
 -2.274890559753e+001
 -2.268675974984e+001
 -2.262464206784e+001
 -2.256255244034e+001
 -2.250049075656e+001
 -2.243845690608e+001
 -2.237645077887e+001
 -2.231447226527e+001
 -2.225252125600e+001
 -2.219059764213e+001
 -2.212870131512e+001
 -2.206683216680e+001
 -2.200499008934e+001
 -2.194317497529e+001
 -2.188138671755e+001
 -2.181962520939e+001
 -2.175789034443e+001
 -2.169618201662e+001
 -2.163450012031e+001
 -2.157284455014e+001
 -2.151121520115e+001
 -2.144961196868e+001
 -2.138803474845e+001
 -2.132648343650e+001
 -2.126495792919e+001
 -2.120345812326e+001
 -2.114198391576e+001
 -2.108053520405e+001
 -2.101911188587e+001
 -2.095771385924e+001
 -2.089634102253e+001
 -2.083499327443e+001
 -2.077367051396e+001
 -2.071237264044e+001
 -2.065109955353e+001
 -2.058985115319e+001
 -2.052862733970e+001
 -2.046742801365e+001
 -2.040625307594e+001
 -2.034510242779e+001
 -2.028397597071e+001
 -2.022287360652e+001
 -2.016179523735e+001
 -2.010074076563e+001
 -2.003971009408e+001
 -1.997870312571e+001
 -1.991771976386e+001
 -1.985675991213e+001
 -1.979582347443e+001
 -1.973491035494e+001
 -1.967402045816e+001
 -1.961315368885e+001
 -1.955230995207e+001
 -1.949148915315e+001
 -1.943069119771e+001
 -1.936991599166e+001
 -1.930916344117e+001
 -1.924843345270e+001
 -1.918772593297e+001
 -1.912704078899e+001
 -1.906637792803e+001
 -1.900573725764e+001
 -1.894511868562e+001
 -1.888452212006e+001
 -1.882394746931e+001
 -1.876339464196e+001
 -1.870286354689e+001
 -1.864235409323e+001
 -1.858186619037e+001
 -1.852139974796e+001
 -1.846095467589e+001
 -1.840053088432e+001
 -1.834012828367e+001
 -1.827974678459e+001
 -1.821938629799e+001
 -1.815904673502e+001
 -1.809872800711e+001
 -1.803843002588e+001
 -1.797815270324e+001
 -1.791789595133e+001
 -1.785765968251e+001
 -1.779744380941e+001
 -1.773724824487e+001
 -1.767707290199e+001
 -1.761691769410e+001
 -1.755678253474e+001
 -1.749666733772e+001
 -1.743657201705e+001
 -1.737649648699e+001
 -1.731644066202e+001
 -1.725640445683e+001
 -1.719638778637e+001
 -1.713639056579e+001
 -1.707641271047e+001
 -1.701645413600e+001
 -1.695651475820e+001
 -1.689659449312e+001
 -1.683669325701e+001
 -1.677681096634e+001
 -1.671694753779e+001
 -1.665710288828e+001
 -1.659727693490e+001
 -1.653746959498e+001
 -1.647768078606e+001
 -1.641791042587e+001
 -1.635815843236e+001
 -1.629842472369e+001
 -1.623870921822e+001
 -1.617901183450e+001
 -1.611933249130e+001
 -1.605967110758e+001
 -1.600002760252e+001
 -1.594040189547e+001
 -1.588079390599e+001
 -1.582120355384e+001
 -1.576163075897e+001
 -1.570207544153e+001
 -1.564253752185e+001
 -1.558301692046e+001
 -1.552351355809e+001
 -1.546402735564e+001
 -1.540455823420e+001
 -1.534510611506e+001
 -1.528567091970e+001
 -1.522625256975e+001
 -1.516685098706e+001
 -1.510746609365e+001
 -1.504809781172e+001
 -1.498874606365e+001
 -1.492941077200e+001
 -1.487009185949e+001
 -1.481078924906e+001
 -1.475150286379e+001
 -1.469223262694e+001
 -1.463297846194e+001
 -1.457374029242e+001
 -1.451451804215e+001
 -1.445531163509e+001
 -1.439612099534e+001
 -1.433694604722e+001
 -1.427778671516e+001
 -1.421864292380e+001
 -1.415951459792e+001
 -1.410040166247e+001
 -1.404130404258e+001
 -1.398222166351e+001
 -1.392315445071e+001
 -1.386410232977e+001
 -1.380506522645e+001
 -1.374604306668e+001
 -1.368703577651e+001
 -1.362804328219e+001
 -1.356906551009e+001
 -1.351010238675e+001
 -1.345115383887e+001
 -1.339221979329e+001
 -1.333330017700e+001
 -1.327439491715e+001
 -1.321550394104e+001
 -1.315662717611e+001
 -1.309776454994e+001
 -1.303891599029e+001
 -1.298008142502e+001
 -1.292126078217e+001
 -1.286245398991e+001
 -1.280366097656e+001
 -1.274488167056e+001
 -1.268611600053e+001
 -1.262736389519e+001
 -1.256862528342e+001
 -1.250990009424e+001
 -1.245118825680e+001
 -1.239248970040e+001
 -1.233380435444e+001
 -1.227513214851e+001
 -1.221647301228e+001
 -1.215782687559e+001
 -1.209919366839e+001
 -1.204057332077e+001
 -1.198196576296e+001
 -1.192337092531e+001
 -1.186478873829e+001
 -1.180621913251e+001
 -1.174766203871e+001
 -1.168911738775e+001
 -1.163058511060e+001
 -1.157206513839e+001
 -1.151355740234e+001
 -1.145506183381e+001
 -1.139657836429e+001
 -1.133810692536e+001
 -1.127964744876e+001
 -1.122119986632e+001
 -1.116276411000e+001
 -1.110434011187e+001
 -1.104592780414e+001
 -1.098752711911e+001
 -1.092913798920e+001
 -1.087076034697e+001
 -1.081239412506e+001
 -1.075403925624e+001
 -1.069569567339e+001
 -1.063736330950e+001
 -1.057904209769e+001
 -1.052073197115e+001
 -1.046243286322e+001
 -1.040414470732e+001
 -1.034586743700e+001
 -1.028760098590e+001
 -1.022934528777e+001
 -1.017110027647e+001
 -1.011286588596e+001
 -1.005464205031e+001
 -9.996428703697e+000
 -9.938225780384e+000
 -9.880033214750e+000
 -9.821850941269e+000
 -9.763678894518e+000
 -9.705517009172e+000
 -9.647365220007e+000
 -9.589223461894e+000
 -9.531091669805e+000
 -9.472969778806e+000
 -9.414857724060e+000
 -9.356755440825e+000
 -9.298662864456e+000
 -9.240579930397e+000
 -9.182506574190e+000
 -9.124442731467e+000
 -9.066388337952e+000
 -9.008343329460e+000
 -8.950307641898e+000
 -8.892281211260e+000
 -8.834263973631e+000
 -8.776255865185e+000
 -8.718256822180e+000
 -8.660266780964e+000
 -8.602285677972e+000
 -8.544313449721e+000
 -8.486350032817e+000
 -8.428395363947e+000
 -8.370449379883e+000
 -8.312512017480e+000
 -8.254583213675e+000
 -8.196662905486e+000
 -8.138751030013e+000
 -8.080847524434e+000
 -8.022952326010e+000
 -7.965065372079e+000
 -7.907186600056e+000
 -7.849315947436e+000
 -7.791453351789e+000
 -7.733598750763e+000
 -7.675752082080e+000
 -7.617913283539e+000
 -7.560082293012e+000
 -7.502259048444e+000
 -7.444443487855e+000
 -7.386635549337e+000
 -7.328835171052e+000
 -7.271042291235e+000
 -7.213256848192e+000
 -7.155478780297e+000
 -7.097708025995e+000
 -7.039944523798e+000
 -6.982188212289e+000
 -6.924439030116e+000
 -6.866696915993e+000
 -6.808961808703e+000
 -6.751233647092e+000
 -6.693512370074e+000
 -6.635797916624e+000
 -6.578090225782e+000
 -6.520389236653e+000
 -6.462694888401e+000
 -6.405007120256e+000
 -6.347325871505e+000
 -6.289651081500e+000
 -6.231982689649e+000
 -6.174320635423e+000
 -6.116664858350e+000
 -6.059015298018e+000
 -6.001371894069e+000
 -5.943734586207e+000
 -5.886103314189e+000
 -5.828478017830e+000
 -5.770858636998e+000
 -5.713245111620e+000
 -5.655637381672e+000
 -5.598035387188e+000
 -5.540439068252e+000
 -5.482848365002e+000
 -5.425263217628e+000
 -5.367683566370e+000
 -5.310109351520e+000
 -5.252540513420e+000
 -5.194976992461e+000
 -5.137418729082e+000
 -5.079865663774e+000
 -5.022317737071e+000
 -4.964774889558e+000
 -4.907237061865e+000
 -4.849704194670e+000
 -4.792176228693e+000
 -4.734653104702e+000
 -4.677134763510e+000
 -4.619621145970e+000
 -4.562112192983e+000
 -4.504607845489e+000
 -4.447108044472e+000
 -4.389612730959e+000
 -4.332121846014e+000
 -4.274635330746e+000
 -4.217153126301e+000
 -4.159675173866e+000
 -4.102201414665e+000
 -4.044731789963e+000
 -3.987266241061e+000
 -3.929804709297e+000
 -3.872347136047e+000
 -3.814893462721e+000
 -3.757443630767e+000
 -3.699997581667e+000
 -3.642555256937e+000
 -3.585116598127e+000
 -3.527681546821e+000
 -3.470250044636e+000
 -3.412822033220e+000
 -3.355397454254e+000
 -3.297976249449e+000
 -3.240558360549e+000
 -3.183143729325e+000
 -3.125732297581e+000
 -3.068324007146e+000
 -3.010918799882e+000
 -2.953516617676e+000
 -2.896117402442e+000
 -2.838721096124e+000
 -2.781327640690e+000
 -2.723936978134e+000
 -2.666549050476e+000
 -2.609163799761e+000
 -2.551781168056e+000
 -2.494401097456e+000
 -2.437023530075e+000
 -2.379648408051e+000
 -2.322275673546e+000
 -2.264905268741e+000
 -2.207537135840e+000
 -2.150171217066e+000
 -2.092807454663e+000
 -2.035445790894e+000
 -1.978086168041e+000
 -1.920728528406e+000
 -1.863372814307e+000
 -1.806018968079e+000
 -1.748666932076e+000
 -1.691316648667e+000
 -1.633968060237e+000
 -1.576621109187e+000
 -1.519275737931e+000
 -1.461931888898e+000
 -1.404589504533e+000
 -1.347248527291e+000
 -1.289908899642e+000
 -1.232570564066e+000
 -1.175233463057e+000
 -1.117897539118e+000
 -1.060562734765e+000
 -1.003228992522e+000
 -9.458962549228e-001
 -8.885644645117e-001
 -8.312335638402e-001
 -7.739034954684e-001
 -7.165742019635e-001
 -6.592456259001e-001
 -6.019177098591e-001
 -5.445903964273e-001
 -4.872636281970e-001
 -4.299373477653e-001
 -3.726114977339e-001
 -3.152860207081e-001
 -2.579608592969e-001
 -2.006359561119e-001
 -1.433112537671e-001
 -8.598669487822e-002
 -2.866222206243e-002
 2.866222206243e-002
 8.598669487822e-002
 1.433112537671e-001
 2.006359561119e-001
 2.579608592969e-001
 3.152860207082e-001
 3.726114977339e-001
 4.299373477653e-001
 4.872636281970e-001
 5.445903964273e-001
 6.019177098591e-001
 6.592456259001e-001
 7.165742019635e-001
 7.739034954684e-001
 8.312335638402e-001
 8.885644645117e-001
 9.458962549228e-001
 1.003228992522e+000
 1.060562734765e+000
 1.117897539118e+000
 1.175233463057e+000
 1.232570564066e+000
 1.289908899642e+000
 1.347248527291e+000
 1.404589504533e+000
 1.461931888898e+000
 1.519275737931e+000
 1.576621109187e+000
 1.633968060237e+000
 1.691316648667e+000
 1.748666932076e+000
 1.806018968079e+000
 1.863372814307e+000
 1.920728528406e+000
 1.978086168041e+000
 2.035445790894e+000
 2.092807454663e+000
 2.150171217066e+000
 2.207537135840e+000
 2.264905268741e+000
 2.322275673546e+000
 2.379648408051e+000
 2.437023530075e+000
 2.494401097456e+000
 2.551781168056e+000
 2.609163799761e+000
 2.666549050476e+000
 2.723936978134e+000
 2.781327640690e+000
 2.838721096124e+000
 2.896117402442e+000
 2.953516617676e+000
 3.010918799882e+000
 3.068324007146e+000
 3.125732297581e+000
 3.183143729325e+000
 3.240558360549e+000
 3.297976249449e+000
 3.355397454254e+000
 3.412822033220e+000
 3.470250044636e+000
 3.527681546821e+000
 3.585116598127e+000
 3.642555256937e+000
 3.699997581667e+000
 3.757443630767e+000
 3.814893462721e+000
 3.872347136047e+000
 3.929804709297e+000
 3.987266241061e+000
 4.044731789963e+000
 4.102201414665e+000
 4.159675173866e+000
 4.217153126301e+000
 4.274635330746e+000
 4.332121846014e+000
 4.389612730959e+000
 4.447108044472e+000
 4.504607845489e+000
 4.562112192983e+000
 4.619621145970e+000
 4.677134763510e+000
 4.734653104702e+000
 4.792176228693e+000
 4.849704194670e+000
 4.907237061865e+000
 4.964774889558e+000
 5.022317737071e+000
 5.079865663774e+000
 5.137418729082e+000
 5.194976992461e+000
 5.252540513420e+000
 5.310109351520e+000
 5.367683566370e+000
 5.425263217628e+000
 5.482848365002e+000
 5.540439068252e+000
 5.598035387188e+000
 5.655637381672e+000
 5.713245111620e+000
 5.770858636998e+000
 5.828478017830e+000
 5.886103314189e+000
 5.943734586207e+000
 6.001371894069e+000
 6.059015298018e+000
 6.116664858350e+000
 6.174320635423e+000
 6.231982689649e+000
 6.289651081500e+000
 6.347325871505e+000
 6.405007120256e+000
 6.462694888401e+000
 6.520389236653e+000
 6.578090225782e+000
 6.635797916624e+000
 6.693512370074e+000
 6.751233647092e+000
 6.808961808703e+000
 6.866696915993e+000
 6.924439030116e+000
 6.982188212289e+000
 7.039944523798e+000
 7.097708025995e+000
 7.155478780297e+000
 7.213256848192e+000
 7.271042291235e+000
 7.328835171052e+000
 7.386635549337e+000
 7.444443487855e+000
 7.502259048444e+000
 7.560082293012e+000
 7.617913283539e+000
 7.675752082080e+000
 7.733598750763e+000
 7.791453351789e+000
 7.849315947436e+000
 7.907186600056e+000
 7.965065372079e+000
 8.022952326010e+000
 8.080847524434e+000
 8.138751030013e+000
 8.196662905486e+000
 8.254583213675e+000
 8.312512017480e+000
 8.370449379883e+000
 8.428395363947e+000
 8.486350032817e+000
 8.544313449721e+000
 8.602285677972e+000
 8.660266780964e+000
 8.718256822180e+000
 8.776255865185e+000
 8.834263973631e+000
 8.892281211260e+000
 8.950307641898e+000
 9.008343329460e+000
 9.066388337952e+000
 9.124442731467e+000
 9.182506574190e+000
 9.240579930397e+000
 9.298662864456e+000
 9.356755440825e+000
 9.414857724060e+000
 9.472969778806e+000
 9.531091669805e+000
 9.589223461894e+000
 9.647365220007e+000
 9.705517009172e+000
 9.763678894518e+000
 9.821850941269e+000
 9.880033214750e+000
 9.938225780384e+000
 9.996428703697e+000
 1.005464205031e+001
 1.011286588596e+001
 1.017110027647e+001
 1.022934528777e+001
 1.028760098590e+001
 1.034586743700e+001
 1.040414470732e+001
 1.046243286322e+001
 1.052073197115e+001
 1.057904209769e+001
 1.063736330950e+001
 1.069569567339e+001
 1.075403925624e+001
 1.081239412506e+001
 1.087076034697e+001
 1.092913798920e+001
 1.098752711911e+001
 1.104592780414e+001
 1.110434011187e+001
 1.116276411000e+001
 1.122119986632e+001
 1.127964744876e+001
 1.133810692536e+001
 1.139657836429e+001
 1.145506183381e+001
 1.151355740234e+001
 1.157206513839e+001
 1.163058511060e+001
 1.168911738775e+001
 1.174766203871e+001
 1.180621913251e+001
 1.186478873829e+001
 1.192337092531e+001
 1.198196576296e+001
 1.204057332077e+001
 1.209919366839e+001
 1.215782687559e+001
 1.221647301228e+001
 1.227513214851e+001
 1.233380435444e+001
 1.239248970040e+001
 1.245118825680e+001
 1.250990009424e+001
 1.256862528342e+001
 1.262736389519e+001
 1.268611600053e+001
 1.274488167056e+001
 1.280366097656e+001
 1.286245398991e+001
 1.292126078217e+001
 1.298008142502e+001
 1.303891599029e+001
 1.309776454994e+001
 1.315662717611e+001
 1.321550394104e+001
 1.327439491715e+001
 1.333330017700e+001
 1.339221979329e+001
 1.345115383887e+001
 1.351010238675e+001
 1.356906551009e+001
 1.362804328219e+001
 1.368703577651e+001
 1.374604306668e+001
 1.380506522645e+001
 1.386410232977e+001
 1.392315445071e+001
 1.398222166351e+001
 1.404130404258e+001
 1.410040166247e+001
 1.415951459792e+001
 1.421864292380e+001
 1.427778671516e+001
 1.433694604722e+001
 1.439612099534e+001
 1.445531163509e+001
 1.451451804215e+001
 1.457374029242e+001
 1.463297846194e+001
 1.469223262694e+001
 1.475150286379e+001
 1.481078924906e+001
 1.487009185949e+001
 1.492941077200e+001
 1.498874606365e+001
 1.504809781172e+001
 1.510746609365e+001
 1.516685098706e+001
 1.522625256975e+001
 1.528567091970e+001
 1.534510611506e+001
 1.540455823420e+001
 1.546402735564e+001
 1.552351355809e+001
 1.558301692046e+001
 1.564253752185e+001
 1.570207544153e+001
 1.576163075897e+001
 1.582120355384e+001
 1.588079390599e+001
 1.594040189547e+001
 1.600002760252e+001
 1.605967110758e+001
 1.611933249130e+001
 1.617901183450e+001
 1.623870921822e+001
 1.629842472369e+001
 1.635815843236e+001
 1.641791042587e+001
 1.647768078606e+001
 1.653746959498e+001
 1.659727693490e+001
 1.665710288828e+001
 1.671694753779e+001
 1.677681096634e+001
 1.683669325701e+001
 1.689659449312e+001
 1.695651475820e+001
 1.701645413600e+001
 1.707641271047e+001
 1.713639056579e+001
 1.719638778637e+001
 1.725640445683e+001
 1.731644066202e+001
 1.737649648699e+001
 1.743657201705e+001
 1.749666733772e+001
 1.755678253474e+001
 1.761691769410e+001
 1.767707290199e+001
 1.773724824487e+001
 1.779744380941e+001
 1.785765968251e+001
 1.791789595133e+001
 1.797815270324e+001
 1.803843002588e+001
 1.809872800711e+001
 1.815904673502e+001
 1.821938629799e+001
 1.827974678459e+001
 1.834012828367e+001
 1.840053088432e+001
 1.846095467589e+001
 1.852139974796e+001
 1.858186619037e+001
 1.864235409323e+001
 1.870286354689e+001
 1.876339464196e+001
 1.882394746931e+001
 1.888452212006e+001
 1.894511868562e+001
 1.900573725764e+001
 1.906637792803e+001
 1.912704078899e+001
 1.918772593297e+001
 1.924843345270e+001
 1.930916344117e+001
 1.936991599166e+001
 1.943069119771e+001
 1.949148915315e+001
 1.955230995207e+001
 1.961315368885e+001
 1.967402045816e+001
 1.973491035494e+001
 1.979582347443e+001
 1.985675991213e+001
 1.991771976386e+001
 1.997870312572e+001
 2.003971009408e+001
 2.010074076563e+001
 2.016179523735e+001
 2.022287360652e+001
 2.028397597071e+001
 2.034510242779e+001
 2.040625307594e+001
 2.046742801365e+001
 2.052862733970e+001
 2.058985115319e+001
 2.065109955353e+001
 2.071237264044e+001
 2.077367051396e+001
 2.083499327443e+001
 2.089634102253e+001
 2.095771385924e+001
 2.101911188587e+001
 2.108053520405e+001
 2.114198391576e+001
 2.120345812326e+001
 2.126495792919e+001
 2.132648343650e+001
 2.138803474845e+001
 2.144961196868e+001
 2.151121520115e+001
 2.157284455014e+001
 2.163450012031e+001
 2.169618201662e+001
 2.175789034443e+001
 2.181962520939e+001
 2.188138671755e+001
 2.194317497529e+001
 2.200499008934e+001
 2.206683216680e+001
 2.212870131512e+001
 2.219059764213e+001
 2.225252125600e+001
 2.231447226527e+001
 2.237645077887e+001
 2.243845690608e+001
 2.250049075656e+001
 2.256255244034e+001
 2.262464206784e+001
 2.268675974984e+001
 2.274890559753e+001
 2.281107972246e+001
 2.287328223658e+001
 2.293551325223e+001
 2.299777288214e+001
 2.306006123943e+001
 2.312237843762e+001
 2.318472459063e+001
 2.324709981279e+001
 2.330950421882e+001
 2.337193792385e+001
 2.343440104344e+001
 2.349689369354e+001
 2.355941599052e+001
 2.362196805117e+001
 2.368454999269e+001
 2.374716193273e+001
 2.380980398934e+001
 2.387247628101e+001
 2.393517892665e+001
 2.399791204562e+001
 2.406067575770e+001
 2.412347018313e+001
 2.418629544256e+001
 2.424915165712e+001
 2.431203894836e+001
 2.437495743830e+001
 2.443790724941e+001
 2.450088850461e+001
 2.456390132728e+001
 2.462694584126e+001
 2.469002217087e+001
 2.475313044088e+001
 2.481627077654e+001
 2.487944330358e+001
 2.494264814820e+001
 2.500588543708e+001
 2.506915529738e+001
 2.513245785677e+001
 2.519579324337e+001
 2.525916158583e+001
 2.532256301328e+001
 2.538599765535e+001
 2.544946564218e+001
 2.551296710440e+001
 2.557650217317e+001
 2.564007098015e+001
 2.570367365751e+001
 2.576731033797e+001
 2.583098115473e+001
 2.589468624156e+001
 2.595842573272e+001
 2.602219976302e+001
 2.608600846783e+001
 2.614985198302e+001
 2.621373044504e+001
 2.627764399085e+001
 2.634159275800e+001
 2.640557688456e+001
 2.646959650920e+001
 2.653365177111e+001
 2.659774281007e+001
 2.666186976643e+001
 2.672603278110e+001
 2.679023199558e+001
 2.685446755195e+001
 2.691873959287e+001
 2.698304826160e+001
 2.704739370197e+001
 2.711177605845e+001
 2.717619547606e+001
 2.724065210046e+001
 2.730514607791e+001
 2.736967755528e+001
 2.743424668007e+001
 2.749885360039e+001
 2.756349846498e+001
 2.762818142321e+001
 2.769290262509e+001
 2.775766222126e+001
 2.782246036301e+001
 2.788729720228e+001
 2.795217289166e+001
 2.801708758440e+001
 2.808204143440e+001
 2.814703459624e+001
 2.821206722516e+001
 2.827713947709e+001
 2.834225150863e+001
 2.840740347707e+001
 2.847259554037e+001
 2.853782785722e+001
 2.860310058698e+001
 2.866841388973e+001
 2.873376792624e+001
 2.879916285802e+001
 2.886459884729e+001
 2.893007605698e+001
 2.899559465077e+001
 2.906115479306e+001
 2.912675664899e+001
 2.919240038447e+001
 2.925808616611e+001
 2.932381416134e+001
 2.938958453828e+001
 2.945539746589e+001
 2.952125311384e+001
 2.958715165261e+001
 2.965309325345e+001
 2.971907808842e+001
 2.978510633035e+001
 2.985117815287e+001
 2.991729373044e+001
 2.998345323831e+001
 3.004965685255e+001
 3.011590475006e+001
 3.018219710856e+001
 3.024853410663e+001
 3.031491592366e+001
 3.038134273991e+001
 3.044781473647e+001
 3.051433209532e+001
 3.058089499929e+001
 3.064750363209e+001
 3.071415817829e+001
 3.078085882337e+001
 3.084760575370e+001
 3.091439915653e+001
 3.098123922003e+001
 3.104812613329e+001
 3.111506008629e+001
 3.118204126998e+001
 3.124906987620e+001
 3.131614609775e+001
 3.138327012839e+001
 3.145044216280e+001
 3.151766239666e+001
 3.158493102659e+001
 3.165224825020e+001
 3.171961426607e+001
 3.178702927379e+001
 3.185449347394e+001
 3.192200706809e+001
 3.198957025886e+001
 3.205718324985e+001
 3.212484624572e+001
 3.219255945215e+001
 3.226032307587e+001
 3.232813732467e+001
 3.239600240740e+001
 3.246391853397e+001
 3.253188591537e+001
 3.259990476368e+001
 3.266797529207e+001
 3.273609771483e+001
 3.280427224734e+001
 3.287249910611e+001
 3.294077850877e+001
 3.300911067412e+001
 3.307749582206e+001
 3.314593417369e+001
 3.321442595124e+001
 3.328297137814e+001
 3.335157067898e+001
 3.342022407958e+001
 3.348893180692e+001
 3.355769408922e+001
 3.362651115592e+001
 3.369538323767e+001
 3.376431056640e+001
 3.383329337526e+001
 3.390233189867e+001
 3.397142637233e+001
 3.404057703321e+001
 3.410978411959e+001
 3.417904787103e+001
 3.424836852843e+001
 3.431774633400e+001
 3.438718153128e+001
 3.445667436517e+001
 3.452622508192e+001
 3.459583392916e+001
 3.466550115587e+001
 3.473522701246e+001
 3.480501175073e+001
 3.487485562388e+001
 3.494475888654e+001
 3.501472179480e+001
 3.508474460619e+001
 3.515482757968e+001
 3.522497097575e+001
 3.529517505635e+001
 3.536544008492e+001
 3.543576632644e+001
 3.550615404739e+001
 3.557660351580e+001
 3.564711500125e+001
 3.571768877488e+001
 3.578832510942e+001
 3.585902427919e+001
 3.592978656010e+001
 3.600061222969e+001
 3.607150156714e+001
 3.614245485327e+001
 3.621347237055e+001
 3.628455440315e+001
 3.635570123692e+001
 3.642691315941e+001
 3.649819045989e+001
 3.656953342938e+001
 3.664094236064e+001
 3.671241754819e+001
 3.678395928835e+001
 3.685556787922e+001
 3.692724362073e+001
 3.699898681463e+001
 3.707079776450e+001
 3.714267677582e+001
 3.721462415593e+001
 3.728664021405e+001
 3.735872526134e+001
 3.743087961088e+001
 3.750310357769e+001
 3.757539747877e+001
 3.764776163310e+001
 3.772019636165e+001
 3.779270198743e+001
 3.786527883547e+001
 3.793792723287e+001
 3.801064750880e+001
 3.808343999452e+001
 3.815630502343e+001
 3.822924293103e+001
 3.830225405499e+001
 3.837533873517e+001
 3.844849731360e+001
 3.852173013454e+001
 3.859503754448e+001
 3.866841989216e+001
 3.874187752863e+001
 3.881541080719e+001
 3.888902008352e+001
 3.896270571559e+001
 3.903646806377e+001
 3.911030749082e+001
 3.918422436189e+001
 3.925821904457e+001
 3.933229190894e+001
 3.940644332752e+001
 3.948067367537e+001
 3.955498333005e+001
 3.962937267171e+001
 3.970384208305e+001
 3.977839194940e+001
 3.985302265870e+001
 3.992773460157e+001
 4.000252817130e+001
 4.007740376389e+001
 4.015236177808e+001
 4.022740261539e+001
 4.030252668009e+001
 4.037773437932e+001
 4.045302612305e+001
 4.052840232411e+001
 4.060386339825e+001
 4.067940976416e+001
 4.075504184350e+001
 4.083076006091e+001
 4.090656484406e+001
 4.098245662370e+001
 4.105843583363e+001
 4.113450291080e+001
 4.121065829530e+001
 4.128690243042e+001
 4.136323576265e+001
 4.143965874174e+001
 4.151617182074e+001
 4.159277545599e+001
 4.166947010722e+001
 4.174625623753e+001
 4.182313431345e+001
 4.190010480497e+001
 4.197716818559e+001
 4.205432493234e+001
 4.213157552584e+001
 4.220892045030e+001
 4.228636019359e+001
 4.236389524728e+001
 4.244152610668e+001
 4.251925327084e+001
 4.259707724266e+001
 4.267499852887e+001
 4.275301764011e+001
 4.283113509095e+001
 4.290935139997e+001
 4.298766708974e+001
 4.306608268693e+001
 4.314459872231e+001
 4.322321573084e+001
 4.330193425166e+001
 4.338075482818e+001
 4.345967800813e+001
 4.353870434357e+001
 4.361783439098e+001
 4.369706871129e+001
 4.377640786994e+001
 4.385585243691e+001
 4.393540298681e+001
 4.401506009889e+001
 4.409482435713e+001
 4.417469635029e+001
 4.425467667193e+001
 4.433476592052e+001
 4.441496469944e+001
 4.449527361709e+001
 4.457569328691e+001
 4.465622432749e+001
 4.473686736255e+001
 4.481762302108e+001
 4.489849193736e+001
 4.497947475103e+001
 4.506057210719e+001
 4.514178465639e+001
 4.522311305477e+001
 4.530455796409e+001
 4.538612005181e+001
 4.546779999116e+001
 4.554959846121e+001
 4.563151614691e+001
 4.571355373925e+001
 4.579571193522e+001
 4.587799143798e+001
 4.596039295688e+001
 4.604291720758e+001
 4.612556491207e+001
 4.620833679882e+001
 4.629123360280e+001
 4.637425606563e+001
 4.645740493559e+001
 4.654068096774e+001
 4.662408492405e+001
 4.670761757340e+001
 4.679127969174e+001
 4.687507206215e+001
 4.695899547496e+001
 4.704305072781e+001
 4.712723862576e+001
 4.721155998140e+001
 4.729601561493e+001
 4.738060635430e+001
 4.746533303524e+001
 4.755019650144e+001
 4.763519760463e+001
 4.772033720465e+001
 4.780561616964e+001
 4.789103537606e+001
 4.797659570889e+001
 4.806229806168e+001
 4.814814333672e+001
 4.823413244510e+001
 4.832026630690e+001
 4.840654585128e+001
 4.849297201658e+001
 4.857954575050e+001
 4.866626801022e+001
 4.875313976251e+001
 4.884016198387e+001
 4.892733566069e+001
 4.901466178939e+001
 4.910214137654e+001
 4.918977543902e+001
 4.927756500416e+001
 4.936551110994e+001
 4.945361480506e+001
 4.954187714917e+001
 4.963029921301e+001
 4.971888207855e+001
 4.980762683918e+001
 4.989653459989e+001
 4.998560647742e+001
 5.007484360045e+001
 5.016424710977e+001
 5.025381815847e+001
 5.034355791213e+001
 5.043346754902e+001
 5.052354826026e+001
 5.061380125007e+001
 5.070422773592e+001
 5.079482894877e+001
 5.088560613328e+001
 5.097656054799e+001
 5.106769346560e+001
 5.115900617314e+001
 5.125049997222e+001
 5.134217617927e+001
 5.143403612575e+001
 5.152608115842e+001
 5.161831263960e+001
 5.171073194737e+001
 5.180334047588e+001
 5.189613963559e+001
 5.198913085354e+001
 5.208231557364e+001
 5.217569525692e+001
 5.226927138185e+001
 5.236304544462e+001
 5.245701895944e+001
 5.255119345883e+001
 5.264557049397e+001
 5.274015163499e+001
 5.283493847129e+001
 5.292993261191e+001
 5.302513568583e+001
 5.312054934235e+001
 5.321617525143e+001
 5.331201510408e+001
 5.340807061268e+001
 5.350434351143e+001
 5.360083555668e+001
 5.369754852737e+001
 5.379448422542e+001
 5.389164447616e+001
 5.398903112875e+001
 5.408664605663e+001
 5.418449115793e+001
 5.428256835600e+001
 5.438087959981e+001
 5.447942686448e+001
 5.457821215175e+001
 5.467723749049e+001
 5.477650493722e+001
 5.487601657666e+001
 5.497577452222e+001
 5.507578091664e+001
 5.517603793247e+001
 5.527654777272e+001
 5.537731267146e+001
 5.547833489440e+001
 5.557961673953e+001
 5.568116053780e+001
 5.578296865376e+001
 5.588504348625e+001
 5.598738746908e+001
 5.609000307179e+001
 5.619289280035e+001
 5.629605919794e+001
 5.639950484572e+001
 5.650323236362e+001
 5.660724441119e+001
 5.671154368840e+001
 5.681613293656e+001
 5.692101493915e+001
 5.702619252279e+001
 5.713166855815e+001
 5.723744596092e+001
 5.734352769283e+001
 5.744991676262e+001
 5.755661622715e+001
 5.766362919247e+001
 5.777095881489e+001
 5.787860830219e+001
 5.798658091478e+001
 5.809487996687e+001
 5.820350882781e+001
 5.831247092330e+001
 5.842176973677e+001
 5.853140881072e+001
 5.864139174817e+001
 5.875172221405e+001
 5.886240393678e+001
 5.897344070976e+001
 5.908483639300e+001
 5.919659491474e+001
 5.930872027317e+001
 5.942121653819e+001
 5.953408785321e+001
 5.964733843701e+001
 5.976097258571e+001
 5.987499467473e+001
 5.998940916087e+001
 6.010422058446e+001
 6.021943357152e+001
 6.033505283611e+001
 6.045108318261e+001
 6.056752950823e+001
 6.068439680551e+001
 6.080169016491e+001
 6.091941477759e+001
 6.103757593814e+001
 6.115617904754e+001
 6.127522961614e+001
 6.139473326681e+001
 6.151469573817e+001
 6.163512288796e+001
 6.175602069651e+001
 6.187739527036e+001
 6.199925284603e+001
 6.212159979394e+001
 6.224444262243e+001
 6.236778798198e+001
 6.249164266961e+001
 6.261601363343e+001
 6.274090797738e+001
 6.286633296613e+001
 6.299229603029e+001
 6.311880477167e+001
 6.324586696892e+001
 6.337349058328e+001
 6.350168376470e+001
 6.363045485809e+001
 6.375981240993e+001
 6.388976517517e+001
 6.402032212438e+001
 6.415149245127e+001
 6.428328558052e+001
 6.441571117598e+001
 6.454877914926e+001
 6.468249966869e+001
 6.481688316871e+001
 6.495194035975e+001
 6.508768223850e+001
 6.522412009878e+001
 6.536126554284e+001
 6.549913049329e+001
 6.563772720564e+001
 6.577706828138e+001
 6.591716668189e+001
 6.605803574287e+001
 6.619968918974e+001
 6.634214115369e+001
 6.648540618868e+001
 6.662949928935e+001
 6.677443590991e+001
 6.692023198407e+001
 6.706690394611e+001
 6.721446875318e+001
 6.736294390886e+001
 6.751234748807e+001
 6.766269816354e+001
 6.781401523383e+001
 6.796631865306e+001
 6.811962906246e+001
 6.827396782397e+001
 6.842935705591e+001
 6.858581967097e+001
 6.874337941672e+001
 6.890206091876e+001
 6.906188972684e+001
 6.922289236407e+001
 6.938509637962e+001
 6.954853040511e+001
 6.971322421504e+001
 6.987920879164e+001
 7.004651639451e+001
 7.021518063556e+001
 7.038523655960e+001
 7.055672073134e+001
 7.072967132915e+001
 7.090412824650e+001
 7.108013320174e+001
 7.125772985698e+001
 7.143696394725e+001
 7.161788342079e+001
 7.180053859185e+001
 7.198498230731e+001
 7.217127012865e+001
 7.235946053116e+001
 7.254961512227e+001
 7.274179888139e+001
 7.293608042389e+001
 7.313253229227e+001
 7.333123127796e+001
 7.353225877784e+001
 7.373570119021e+001
 7.394165035558e+001
 7.415020404864e+001
 7.436146652903e+001
 7.457554915954e+001
 7.479257110216e+001
 7.501266010442e+001
 7.523595339060e+001
 7.546259867554e+001
 7.569275532229e+001
 7.592659566926e+001
 7.616430655838e+001
 7.640609110272e+001
 7.665217074096e+001
 7.690278763796e+001
 7.715820750532e+001
 7.741872293539e+001
 7.768465736788e+001
 7.795636984217e+001
 7.823426073432e+001
 7.851877874042e+001
 7.881042945379e+001
 7.910978600480e+001
 7.941750240381e+001
 7.973433047719e+001
 8.006114165487e+001
 8.039895542437e+001
 8.074897712784e+001
 8.111264914982e+001
 8.149172179461e+001
 8.188835398580e+001
 8.230526072729e+001
 8.274593696669e+001
 8.321501265030e+001
 8.371884730025e+001
 8.426659730796e+001
 8.487231698093e+001
 8.555966694731e+001
 8.637478578672e+001
 8.743680027996e+001
 9.000000000000e+001
